[gd_scene format=3 uid="uid://c17qln03185b3"]

[node name="RayCasts" type="Node3D"]

[node name="1" type="RayCast3D" parent="."]
transform = Transform3D(2.64253e-07, 1, 4.37114e-08, 0, -4.37114e-08, 1, 1, -2.64253e-07, -1.29718e-14, 0, 0, 0)
target_position = Vector3(0, -10, 0)

[node name="2" type="RayCast3D" parent="."]
transform = Transform3D(-0.5, 0.866025, 3.78552e-08, 0, -4.37114e-08, 1, 0.866025, 0.5, 2.18557e-08, 0, 0, 0)
target_position = Vector3(0, -10, 0)

[node name="3" type="RayCast3D" parent="."]
transform = Transform3D(-0.866025, 0.5, 2.18557e-08, 0, -4.37114e-08, 1, 0.5, 0.866025, 3.78552e-08, 0, 0, 0)
target_position = Vector3(0, -10, 0)

[node name="4" type="RayCast3D" parent="."]
transform = Transform3D(-1, 8.74228e-08, 3.82137e-15, 0, -4.37114e-08, 1, 8.74228e-08, 1, 4.37114e-08, 0, 0, 0)
target_position = Vector3(0, -10, 0)

[node name="5" type="RayCast3D" parent="."]
transform = Transform3D(-0.866025, -0.5, -2.18557e-08, 0, -4.37114e-08, 1, -0.5, 0.866025, 3.78552e-08, 0, 0, 0)
target_position = Vector3(0, -10, 0)

[node name="6" type="RayCast3D" parent="."]
transform = Transform3D(-0.5, -0.866025, -3.78552e-08, 0, -4.37114e-08, 1, -0.866025, 0.5, 2.18557e-08, 0, 0, 0)
target_position = Vector3(0, -10, 0)

[node name="7" type="RayCast3D" parent="."]
transform = Transform3D(-1.7683e-07, -1, -4.37114e-08, 0, -4.37114e-08, 1, -1, 1.7683e-07, 9.15044e-15, 0, 0, 0)
target_position = Vector3(0, -10, 0)
